64 0 nbody.ppm 100000
seq
30.312
30.335
30.292
par 1
30.582
30.586
30.583
par 2
16.304
23.752
23.745
par 4
9.573
13.418
13.364
par 8
6.691
8.640
8.591
par 16
6.647
6.848
6.652

128 0 nbody.ppm 100000
seq
180.052
179.984
179.934
par 1
120.756
120.767
120.753
par 2
91.448
61.806
91.755
par 4
32.742
32.905
47.818
par 8
26.257
25.915
18.793
par 16
16.218
16.016
16.222

256 0 nbody.ppm 100000
seq
474.721
712.822
474.925
par 1
479.904
479.727
479.903
par 2
242.607
362.710
242.482
par 4
182.067
183.322
184.112
par 8
65.041
95.149
95.264
par 16
50.506
51.817
50.438

100 0 nbody.ppm 100
seq
0.110
0.073
0.073
par 1
0.074
0.111
0.111
par 2
0.039
0.057
0.057
par 4
0.040
0.041
0.040
par 8
0.043
0.038
0.042
par 16
0.080
0.065
0.079

1000 0 nbody.ppm 100
seq
7.250
10.954
10.885
par 1
7.286
7.290
10.939
par 2
3.658
3.648
3.646
par 4
2.010
2.752
2.745
par 8
1.415
1.409
1.414
par 16
0.784
0.764
0.761

10000 0 nbody.ppm 100
seq
725.704
725.278
725.450
par 1
730.461
730.893
par 2
365.228
547.844
365.287
par 4
182.737
182.828
273.916
par 8
137.052
137.014
137.036
par 16
68.706
68.859
68.690
64 0 nbody.ppm 100000
seq
par 1
par 2
par 4
par 8
par 16
128 0 nbody.ppm 100000
seq
par 1
par 2
par 4
par 8
par 16
256 0 nbody.ppm 100000
seq
par 1
par 2
par 4
par 8
par 16
100 0 nbody.ppm 100
seq
par 1
par 2
par 4
par 8
par 16
1000 0 nbody.ppm 100
seq
par 1
par 2
par 4
par 8
